-56.79        -4.98        -1.73        -0.02        -0.29        -1.59        -6.48        -4.28        2.76        0.47        3.53        -1.45        -1.92        

-62.18        -9.22        -3.77        -0.14        -1.62        -1.09        2.01        3.64        -2.98        -4.09        1.78        -4.22        -1.88        

-65.56        -4.49        0.50        1.17        0.71        1.82        3.37        2.29        0.55        2.37        -1.49        -9.75        -0.46        

-54.25        -4.71        -2.38        -2.54        3.36        0.53        0.14        2.28        -0.65        -0.58        1.86        -1.77        4.37        

-67.33        -0.01        3.59        1.16        0.89        3.49        0.55        4.37        -1.20        0.85        3.32        -0.27        1.29        

-68.15        -3.58        0.11        1.00        3.55        2.91        -0.45        2.15        2.67        2.65        -1.19        -1.51        4.35        

-65.80        -10.17        -0.73        -1.29        4.36        1.94        -1.39        4.64        1.63        -1.98        1.55        3.58        -1.10        

-63.90        -7.93        0.26        3.66        5.42        0.06        0.68        1.48        -3.92        -1.66        1.23        -1.25        -1.48        

-60.79        -7.20        0.18        1.47        2.94        -0.73        -0.36        3.31        -0.11        -2.61        4.40        0.94        3.45        

-94.75        -7.85        2.53        4.17        5.17        -1.81        -0.11        7.71        6.29        -1.52        1.87        -0.11        5.97        

-62.63        -7.50        -0.02        0.28        -1.48        -0.74        6.57        1.96        -3.44        1.44        3.87        2.05        0.14        

-69.80        -8.51        0.87        2.46        3.51        -3.32        -3.22        2.03        -4.38        -9.08        3.06        -5.33        0.16        

-120.47        3.45        4.11        1.30        3.17        2.25        1.46        -6.09        -3.35        3.98        4.32        2.86        3.99        

-67.51        -8.10        -3.58        0.17        3.89        0.32        -0.94        2.28        0.10        -6.18        -1.90        -0.70        2.91        

-60.35        -4.06        0.14        4.16        3.33        -0.72        -0.65        0.23        -3.86        -3.79        0.01        -1.52        3.64        

